20 20
11 1 1 1 1 1 1 1 1 1 1 1 1 1 1 1 1 1 1 1
1 1 1 1 1 1 1 1 13 14 1 1 1 1 1 1 1 1 1 1
1 1 1 4 7 7 7 3 1 14 1 1 1 11 1 11 1 1 1 1
12 1 1 10 2 2 2 9 1 1 1 1 1 1 1 1 1 1 1 1
1 1 1 6 8 8 8 5 1 1 1 1 1 1 1 1 1 1 1 1
1 1 1 1 1 1 1 12 1 1 1 1 1 1 1 1 1 1 1 1
1 1 1 1 1 1 1 1 1 1 1 1 1 1 1 1 1 1 1 1
1 1 1 11 1 1 1 1 1 1 1 1 1 1 1 1 1 1 11 1
1 1 1 1 1 1 1 1 1 1 11 1 1 1 1 1 1 1 1 1
1 1 1 1 1 1 1 1 1 1 1 1 1 1 1 1 1 14 1 1 
1 1 1 1 1 1 1 1 1 1 1 1 1 1 1 1 1 1 12 1
1 1 1 1 1 1 1 1 11 1 1 1 1 1 1 1 1 1 1 1
1 1 1 1 1 1 1 1 1 1 1 1 1 1 1 1 1 1 1 1
1 1 1 1 1 1 1 1 1 1 1 1 1 1 1 1 1  1 1 1
1 1 1 1 1 1 1 1 1 1 1 1 1 1 1 1 1 1 1 1
1 1 1 1 1 1 1 1 1 1 1 1 1 1 1 1 1 1 1 12
1 1 1 1 1 1 1 1 1 1 1 1 1 1 1 1 1 13 1 1
1 1 1 1 1 1 1 1 1 1 1 1 1 1 1 1 1 1 1 1
1 1 1 1 1 1 1 1 1 1 1 1 1 1 1 1 1 1 1 1
1 1 1 1 1 1 1 1 1 1 1 1 1 1 1 1 1 1 1 1


8 1 1 1 1 1 1 1 1 1 1 1 1 1 1 1 1 1 1 2
7 0 0 0 0 0 0 0 0 0 0 0 0 0 0 0 0 0 0 3
7 0 0 0 0 0 0 0 0 0 0 0 0 0 0 0 0 0 0 3
7 0 0 0 0 0 0 0 0 0 0 0 0 0 0 0 0 0 0 3
7 0 0 0 0 0 0 0 0 0 0 0 0 0 0 0 0 0 0 3
7 0 0 0 0 0 0 0 0 0 0 0 0 0 0 0 0 0 0 3
7 0 0 0 0 8 1 1 2 0 0 0 0 0 0 0 0 0 0 3
7 0 0 0 0 7 0 0 3 0 0 0 0 0 0 0 0 0 0 3
7 0 0 0 0 7 0 0 3 0 0 0 0 0 0 0 0 0 0 3
7 0 0 0 0 6 5 5 4 0 0 0 0 0 0 0 0 0 0 3
7 0 0 0 0 0 0 0 0 0 0 0 0 0 0 0 0 0 0 3
7 0 0 0 0 0 0 0 0 0 0 0 0 0 0 0 0 0 0 3
7 0 0 0 0 0 0 0 0 0 0 0 0 0 0 0 0 0 0 3
7 0 0 0 0 0 0 0 0 0 0 0 0 0 0 0 0 0 0 3
7 0 0 0 0 0 0 0 0 0 0 0 0 0 0 0 0 0 0 3
7 0 0 0 0 0 0 0 0 0 0 0 0 0 0 0 0 0 0 3
7 0 0 0 0 0 0 0 0 0 0 0 0 0 0 0 0 0 0 3
7 0 0 0 0 0 0 0 0 0 0 0 0 0 0 0 0 0 0 3
7 0 0 0 0 0 0 0 0 0 0 0 0 0 0 0 0 0 0 3
6 5 5 5 5 5 5 5 5 5 5 5 5 5 5 5 5 5 5 4
