16 16
11 1 1 1 1 1 1 1 1 1 1 1 1 1 1 1 1 
1 1 1 1 1 1 1 1 13 14 1 1 1 1 1 1 1 
1 1 1 4 7 7 7 3 1 14 1 1 1 11 1 11 1 
12 1 1 10 2 2 2 9 1 1 1 1 1 1 1 1 1 
1 1 1 6 8 8 8 5 1 1 1 1 1 1 1 1 1 
1 1 1 1 1 1 1 12 1 1 1 1 1 1 1 1 1 
1 1 1 1 1 1 1 1 1 1 1 1 1 1 1 1 1 
1 1 1 11 1 1 1 1 1 1 1 1 1 1 1 1 1 
1 1 1 1 1 1 1 1 1 1 11 1 1 1 1 1 1 
1 1 1 1 1 1 1 1 1 1 1 1 1 1 1 1 1 
1 1 1 1 1 1 1 1 1 1 1 1 1 1 1 1 1 
1 1 1 1 1 1 1 1 11 1 1 1 1 1 1 1 1 
1 1 1 1 1 1 1 1 11 1 1 1 1 1 1 1 1 
1 1 1 1 1 1 1 1 11 1 1 1 1 1 1 1 1 
1 1 1 1 1 1 1 1 11 1 1 1 1 1 1 1 1 
1 1 1 1 1 1 1 1 11 1 1 1 1 1 1 1 1 
