     0  1  2  3  4  5  6  7  8  9
  0  0  0 30  0  0  0  0  0  0  0
  1  0  0 20  0  0  0  0  0  0  0
  2 30 20  0 30  0 25  0  0  0  0
  3  0  0 30  0 45  0  0  0  0  0
  4  0  0  0 45  0  0 40  0  0  0
  5  0  0 25  0  0  0  0  0  0  0
  6  0  0  0  0 40  0  0  0  0 40
  7  0  0  0  0  0  0  0  0 15  0
  8  0  0  0  0  0  0  0 15  0 45
  9  0  0  0  0  0  0 40  0 45  0
Sum of the min spanning tree of the above graph is 290
the above graph shortest path from node 1 to all:
     0  1  2  3  4  5  6  7  8  9
  0  0  0  0  0  0  0  0  0 50  0
  1  0  0 20 45  0  0  0  0  0  0
  2  0 20  0  0  0 25  0  0  0  0
  3  0 45  0  0 45  0  0  0  0  0
  4  0  0  0 45  0  0 40  0  0  0
  5  0  0 25  0  0  0  0  0  0  0
  6  0  0  0  0 40  0  0  0  0 40
  7  0  0  0  0  0  0  0  0 15  0
  8 50  0  0  0  0  0  0 15  0  0
  9  0  0  0  0  0  0 40  0  0  0
     0  1  2  3  4  5  6  7  8  9 10 11 12 13 14 15 16 17 18 19 20 21 22 23 24
  0  0  0  0  0  0  0  0  0  0  0  0  4  0  0  0  0  0  0  0  0  0  0  0  0  0
  1  0  0  0  0  0  0  0  0  0  0  0  0  0  0  0  0  0  0  0  0  7  0  0  0  0
  2  0  0  0  0  0  0  0  0  0  0  0  0  0  0  0  0  0  0  0  0  0  0  0  0  3
  3  0  0  0  0  0  0  0  1  0  0  0  0  0  0  0  0  0  0  0  0  0  0  0  0  3
  4  0  0  0  0  0  0  0  0  0  0  0  0  0  0  0  0  2  0  0  0  0  5  0  0  0
  5  0  0  0  0  0  0  0  0  0  0  0  0  0  0  1  0  0  0  0  0  0  0  0  0  0
  6  0  0  0  0  0  0  0  0  0  0  0  1  5  0  0  0  0  0  0  0  0  0  0  0  0
  7  0  0  0  1  0  0  0  0  0  0  0  0  0  0  0  0  0  0  4  0  0  0  0  0  0
  8  0  0  0  0  0  0  0  0  0  0  0  0  0  0  0  0  0  0  0  0  1  0  0  0  0
  9  0  0  0  0  0  0  0  0  0  0  0  0  0  0  0  0  0  0  0  1  0  0  0  0  5
 10  0  0  0  0  0  0  0  0  0  0  0  0  0  0  0  1  0  0  0  0  0  0  3  9  0
 11  4  0  0  0  0  0  1  0  0  0  0  0  0  0  0  4  0  0  0  0  0  0  0  0  0
 12  0  0  0  0  0  0  5  0  0  0  0  0  0  0  0  0  0  0  0  0  4  0  0  0  0
 13  0  0  0  0  0  0  0  0  0  0  0  0  0  0  0  1  0  0  0  0  0  1  0  0  0
 14  0  0  0  0  0  1  0  0  0  0  0  0  0  0  0  0  0  0  0  0  2  0  0  0  0
 15  0  0  0  0  0  0  0  0  0  0  1  4  0  1  0  0  0  3  0  0  0  0  0  0  0
 16  0  0  0  0  2  0  0  0  0  0  0  0  0  0  0  0  0  0  0  0  0  0  0  0  0
 17  0  0  0  0  0  0  0  0  0  0  0  0  0  0  0  3  0  0  0  0  0  0  0  0  0
 18  0  0  0  0  0  0  0  4  0  0  0  0  0  0  0  0  0  0  0  0  0  0  0  0  0
 19  0  0  0  0  0  0  0  0  0  1  0  0  0  0  0  0  0  0  0  0  0  0  4  0  0
 20  0  7  0  0  0  0  0  0  1  0  0  0  4  0  2  0  0  0  0  0  0  0  0  0  0
 21  0  0  0  0  5  0  0  0  0  0  0  0  0  1  0  0  0  0  0  0  0  0  0  0  0
 22  0  0  0  0  0  0  0  0  0  0  3  0  0  0  0  0  0  0  0  4  0  0  0  0  0
 23  0  0  0  0  0  0  0  0  0  0  9  0  0  0  0  0  0  0  0  0  0  0  0  0  0
 24  0  0  3  3  0  0  0  0  0  5  0  0  0  0  0  0  0  0  0  0  0  0  0  0  0
sum of the min spanning tree of the above graph is: 75
The path from 0 to 24 is: 0, 11, 6, 12, 20, 14, 5, 2, 24, 
4, 1, 5, 4, 2, 1, 8, 3, Total weight from 0 to 24 is: 28
The path from 0 to 23 is: 0, 11, 6, 12, 20, 8, 23, 
4, 1, 5, 4, 1, 10, Total weight from 0 to 23 is: 25
